150 12
2 2 2 2 2 2 2 2 2 2 2 2 2 2 2 2 2 2 2 2 0 0 0 0 0 0 0 0 0 0 0 0 0 0 0 0 0 0 0 0 0 0 0 0 0 0 0 0 0 0 0 0 0 0 0 0 0 0 0 0 0 0 0 0 0 0 0 0 0 0 0 0 0 0 0 0 0 0 0 0 0 0 0 0 0 0 0 0 0 0 0 2 2 2 2 2 2 2 2 0 0 0 0 0 0 0 0 0 0 0 0 0 0 0 0 0 0 0 0 0 0 0 0 0 0 0 0 0 0 0 0 0 0 0 0 0 0 0 0 0 0 0 0 0 0 7 7 7 7 7
2 2 2 2 2 2 2 2 2 2 2 2 2 2 2 2 2 2 2 2 0 1 1 3 0 0 0 0 1 1 1 1 3 1 1 1 1 1 1 1 35 1 1 1 1 1 1 1 3 1 1 1 1 1 3 1 0 0 1 1 1 1 1 1 1 1 1 1 0 0 1 1 1 1 1 1 0 0 0 1 1 1 1 1 1 1 1 1 1 1 0 2 2 2 2 2 2 2 2 0 1 1 1 1 1 1 1 1 1 1 1 1 1 1 1 1 1 1 1 1 1 1 1 1 1 1 1 1 1 1 1 1 1 1 1 1 1 1 1 1 1 1 1 1 0 7 7 7 7 7
0 0 0 0 0 0 0 0 0 0 0 0 0 0 0 0 0 0 0 0 0 1 1 1 33 0 0 1 1 1 1 1 1 1 1 1 1 1 1 1 37 25 25 25 25 26 1 1 1 1 1 1 1 1 1 1 0 0 1 1 1 1 1 1 1 1 1 1 1 1 1 1 1 1 1 1 1 0 1 1 1 16 16 1 1 1 1 1 1 1 0 0 0 2 2 2 2 0 0 0 1 1 1 1 1 1 1 1 1 1 1 1 1 1 1 1 1 1 1 1 1 1 1 1 1 1 1 1 1 1 1 1 1 1 1 1 1 1 1 1 1 1 1 1 0 7 7 7 7 7
1 1 1 1 1 1 1 1 3 1 1 0 1 30 28 29 3 1 27 29 0 0 1 1 35 0 0 1 1 1 1 0 0 0 1 1 1 1 1 1 1 1 1 1 1 2 2 1 1 1 24 26 1 1 1 1 0 1 1 1 1 1 16 1 1 1 1 1 1 1 1 1 16 1 1 1 1 0 0 1 1 16 16 1 1 1 1 1 1 1 1 1 0 2 2 2 2 0 1 1 1 1 16 16 16 1 1 1 1 1 1 1 1 1 1 17 18 19 1 1 1 1 1 1 1 1 1 1 1 1 1 1 1 1 1 1 1 1 1 1 1 1 1 1 0 0 0 16 16 16
1 1 1 1 1 1 1 1 1 1 1 0 1 27 28 31 1 1 1 1 1 1 1 1 37 0 0 1 1 1 0 0 0 1 1 1 1 1 1 1 1 1 1 1 1 2 2 1 1 1 32 0 1 1 1 1 1 1 1 1 1 1 16 16 1 1 1 1 1 1 1 1 16 16 1 1 1 1 1 1 1 16 16 1 1 1 1 1 1 1 1 1 0 2 2 2 2 0 1 1 1 1 1 16 16 1 1 1 1 17 18 19 1 1 1 1 1 1 1 1 1 1 1 1 1 1 1 1 1 1 1 1 1 1 1 1 1 1 1 1 1 1 1 1 1 1 1 1 1 1
0 0 0 0 0 0 1 1 0 1 1 0 0 0 0 29 17 19 1 1 1 1 1 1 1 0 0 0 1 1 0 0 1 1 1 1 1 1 1 1 1 1 1 1 1 2 2 1 1 1 32 0 1 1 1 1 1 1 1 1 1 1 16 16 1 1 1 1 1 1 1 16 16 16 1 1 1 1 1 1 1 16 16 16 1 1 1 1 1 1 1 1 0 0 0 0 0 0 1 1 1 1 1 16 16 16 1 1 1 1 1 1 1 1 1 1 1 1 1 1 1 1 1 17 18 19 1 1 1 1 1 17 18 18 19 1 16 16 16 16 16 1 1 1 1 1 1 1 1 1
1 3 1 1 1 3 1 1 0 1 1 1 1 1 1 1 1 1 1 1 1 1 1 1 1 1 0 1 1 0 0 0 1 24 25 25 25 25 26 1 1 1 1 1 1 2 2 1 1 1 32 0 1 1 0 0 1 1 1 1 1 16 16 16 1 0 0 0 0 0 0 2 2 2 0 0 0 1 1 1 1 16 16 16 16 1 1 1 1 1 1 1 1 1 1 1 1 1 1 1 1 1 1 16 16 16 1 1 1 1 1 1 1 1 1 1 1 1 1 1 1 1 1 1 1 1 1 1 1 1 1 1 1 1 1 1 1 16 7 7 16 16 16 16 1 1 1 1 1 1
1 1 1 1 1 1 1 1 0 1 1 1 1 1 1 1 1 1 1 1 1 16 1 1 1 1 1 1 1 0 0 0 1 0 1 1 1 1 35 1 1 1 1 1 1 1 1 1 1 1 27 0 0 0 0 0 0 0 0 0 0 2 2 2 1 1 1 1 1 1 2 2 2 2 2 2 0 0 0 0 0 2 2 2 2 0 1 1 1 1 0 0 0 0 0 0 0 0 0 0 1 1 16 16 16 16 16 16 1 1 1 1 1 1 1 1 1 1 1 1 1 1 1 1 1 1 1 1 1 1 1 1 1 1 1 1 1 16 7 7 16 7 7 16 16 16 16 16 16 16
1 1 24 25 26 1 1 1 0 1 1 1 1 1 1 1 1 1 1 1 16 16 1 1 1 1 1 1 1 0 0 0 1 0 1 1 1 1 35 1 1 1 1 1 1 1 1 1 1 0 0 2 2 2 2 2 2 2 2 2 2 2 2 2 2 2 2 2 2 1 2 2 2 2 2 2 2 2 2 2 2 2 2 2 2 2 0 0 0 0 2 2 2 2 2 2 2 2 2 0 0 0 2 2 2 2 2 2 1 1 1 1 1 1 1 1 1 1 1 1 1 1 1 1 1 1 1 1 1 1 1 1 1 1 1 1 1 16 7 7 16 7 7 16 7 7 7 7 7 16
0 0 0 0 0 0 0 0 0 0 0 0 0 0 0 0 0 0 0 0 0 0 0 0 0 0 0 0 0 0 0 0 0 0 0 0 0 0 0 0 0 0 0 0 0 0 0 0 0 2 2 2 2 2 2 2 2 2 2 2 2 2 2 2 2 2 2 1 1 1 2 2 2 2 2 2 2 2 2 2 2 2 2 2 2 2 2 2 2 2 2 2 2 2 2 2 2 2 2 2 2 2 2 2 2 2 2 2 0 0 0 0 0 0 0 0 0 0 0 0 0 0 0 0 0 0 0 0 0 0 0 0 0 0 0 0 0 2 2 2 2 2 2 2 2 2 2 2 2 2
2 2 2 2 2 2 2 2 2 2 2 2 2 2 2 2 2 2 2 2 2 2 2 2 2 2 2 2 2 2 2 2 2 2 2 2 2 2 2 2 2 2 2 2 2 2 2 2 2 2 2 2 2 2 2 2 2 2 2 2 2 2 2 2 2 2 2 2 2 2 2 2 2 2 2 2 2 2 2 2 2 2 2 2 2 2 2 2 2 2 2 2 2 2 2 2 2 2 2 2 2 2 2 2 2 2 2 2 2 2 2 2 2 2 2 2 2 2 2 2 2 2 2 2 2 2 2 2 2 2 2 2 2 2 2 2 2 2 2 2 2 2 2 2 2 2 2 -1 -1 -1
2 2 2 2 2 2 2 2 2 2 2 2 2 2 2 2 2 2 2 2 2 2 2 2 2 2 2 2 2 2 2 2 2 2 2 2 2 2 2 2 2 2 2 2 2 2 2 2 2 2 2 2 2 2 2 2 2 2 2 2 2 2 2 2 2 2 2 2 2 2 2 2 2 2 2 2 2 2 2 2 2 2 2 2 2 2 2 2 2 2 2 2 2 2 2 2 2 2 2 2 2 2 2 2 2 2 2 2 2 2 2 2 2 2 2 2 2 2 2 2 2 2 2 2 2 2 2 2 2 2 2 2 2 2 2 2 2 2 2 2 2 2 2 2 2 2 2 -1 -1 -1