150 12
0 0 0 0 0 0 0 0 0 0 0 0 0 0 0 0 0 0 0 0 0 0 0 0 0 0 0 0 0 0 0 0 0 0 0 0 0 0 0 0 0 0 0 0 0 0 0 0 0 0 0 0 0 0 0 0 0 0 0 0 0 0 0 0 0 0 0 0 0 0 0 0 0 0 0 0 0 0 0 2 2 2 2 2 2 2 2 2 2 2 2 2 2 2 2 2 2 2 2 2 0 0 0 0 0 2 2 2 2 2 2 2 0 0 0 0 0 2 2 2 2 2 2 2 2 2 2 2 0 0 0 0 2 2 2 2 2 2 0 0 0 0 0 0 0 0 0 0 0 0
<<<<<<< HEAD
0 0 0 0 0 0 0 0 0 0 0 0 0 0 0 0 0 0 0 0 0 0 0 0 0 0 0 0 0 0 1 1 1 1 1 1 1 1 1 1 1 1 1 1 1 1 1 1 1 1 1 1 1 1 1 1 1 1 1 1 1 0 0 0 0 0 0 0 0 0 0 0 0 0 0 0 0 0 0 0 0 0 0 2 2 2 2 2 2 2 0 0 0 0 2 2 2 0 0 0 0 0 0 0 0 0 0 2 0 0 0 0 0 0 0 0 0 0 0 0 0 2 2 2 2 0 0 0 0 0 0 0 0 0 0 0 0 2 0 0 0 0 0 0 0 0 0 0 0 0
1 1 1 1 1 1 1 1 1 1 1 1 1 1 1 1 1 1 1 1 1 1 1 1 1 1 1 1 1 0 1 1 1 1 1 1 1 1 1 1 1 1 1 1 1 1 1 1 1 1 1 1 1 1 1 1 1 1 1 1 1 1 0 0 0 0 0 0 0 0 0 0 0 0 0 0 0 0 0 1 1 1 0 2 2 2 2 2 0 0 0 0 1 0 2 2 2 0 1 1 1 1 1 1 1 1 0 2 0 1 1 1 1 1 1 1 1 1 1 1 0 2 2 2 2 0 1 1 1 1 1 1 1 1 1 1 0 2 0 1 1 1 1 1 1 1 1 1 1 1
1 1 1 1 1 1 1 1 1 1 1 1 1 1 1 1 1 1 1 1 1 1 1 1 1 1 1 1 1 0 1 1 1 0 0 0 0 0 0 0 0 0 0 0 0 0 0 0 0 0 0 0 0 0 1 1 1 1 1 1 1 1 1 1 1 1 1 1 1 1 1 1 1 1 1 1 1 1 1 1 1 1 0 2 2 2 0 0 0 0 1 1 1 0 2 2 2 0 1 1 1 1 1 1 1 1 0 2 0 1 1 1 1 1 1 1 1 1 1 1 0 2 2 2 2 0 1 1 1 1 1 1 1 1 1 1 0 2 0 1 1 1 1 1 1 1 1 1 1 1
16 16 16 1 1 1 1 1 1 1 1 1 1 1 1 1 1 1 1 1 1 1 1 1 1 1 1 1 1 0 1 1 1 1 1 1 1 1 1 1 1 1 1 1 1 1 1 1 1 1 1 1 1 0 1 1 1 1 1 1 1 1 1 1 1 1 1 1 1 1 1 1 1 1 1 1 1 1 1 1 1 1 0 0 0 0 0 0 1 1 1 1 1 0 2 2 2 0 1 1 1 1 1 1 1 1 0 2 0 1 1 1 0 0 0 0 0 1 1 1 0 0 0 0 0 0 1 1 1 0 0 0 0 1 1 1 0 2 0 1 1 1 1 1 1 1 1 1 1 1
16 16 16 16 16 1 1 1 1 1 1 1 1 1 1 1 1 1 1 1 1 1 1 16 16 1 1 1 1 0 1 1 1 1 1 1 1 1 1 1 1 1 1 1 1 1 1 1 1 1 1 1 1 0 1 1 1 1 1 1 1 1 1 1 1 1 1 1 1 1 1 1 1 1 1 1 1 1 1 1 1 1 1 1 1 1 1 1 1 1 1 1 1 0 2 2 2 0 1 1 7 7 7 7 1 1 0 2 0 1 1 1 0 2 2 2 0 1 1 1 1 1 1 1 1 1 1 1 1 0 2 2 0 1 1 1 0 2 0 1 1 1 1 1 1 1 1 1 1 1
16 16 16 16 16 16 1 1 1 1 1 1 1 1 16 16 16 1 1 1 16 16 16 16 16 16 1 1 1 0 1 1 1 1 1 1 1 1 1 1 1 1 1 1 1 1 1 1 1 1 1 1 1 0 0 0 0 0 0 0 0 0 0 0 0 0 0 0 0 0 0 0 0 0 0 0 0 1 1 1 1 1 1 1 1 1 1 1 1 1 1 1 1 0 2 2 2 0 1 1 1 1 1 1 1 1 0 2 0 1 1 1 0 2 2 2 0 1 1 1 1 1 1 1 1 1 1 1 1 0 2 2 0 1 1 1 0 2 0 1 1 1 1 7 7 7 7 7 1 1
16 16 16 16 16 16 16 1 1 1 1 1 16 16 16 16 16 16 16 16 16 16 16 16 16 16 1 1 1 0 0 0 0 0 0 0 0 0 0 0 0 0 0 0 0 0 0 0 0 0 1 1 1 0 1 1 1 1 1 1 1 1 1 1 1 1 1 1 1 1 1 1 1 1 1 1 1 1 1 1 1 1 0 0 0 0 1 7 7 7 7 1 1 0 0 0 0 0 1 1 1 1 1 1 1 1 0 0 0 1 1 1 0 2 2 2 0 1 1 1 0 0 0 0 0 0 1 1 1 0 2 2 0 1 1 1 0 0 0 1 1 1 1 1 1 1 1 1 1 1
16 16 16 16 16 16 16 16 16 16 16 16 16 16 16 16 16 16 16 16 16 16 16 16 16 16 1 1 1 1 1 1 1 1 1 1 1 1 1 1 1 1 1 1 1 1 1 1 1 1 1 1 1 0 1 1 1 1 1 1 1 1 1 1 1 1 1 1 1 1 1 1 1 1 1 1 1 1 1 1 1 1 0 2 2 0 7 7 7 7 7 1 1 1 1 1 1 1 1 1 1 1 1 1 1 1 1 1 1 1 1 1 0 2 2 2 0 1 1 1 0 2 2 2 2 0 1 1 1 0 2 2 0 1 1 1 1 1 1 1 1 1 1 1 1 1 1 1 1 1
16 16 16 16 16 16 16 16 16 16 16 16 16 16 16 16 16 16 16 16 16 16 16 16 16 16 1 1 1 1 1 1 1 1 1 1 1 1 1 1 1 1 1 1 1 1 1 1 1 1 1 1 1 0 1 1 1 1 1 1 1 1 1 1 1 1 1 1 1 1 1 1 1 1 1 1 1 1 1 1 1 1 0 2 2 0 7 7 7 7 7 1 1 1 1 1 1 1 1 1 1 1 1 1 1 1 1 1 1 1 1 1 0 2 2 2 0 1 1 1 0 2 2 2 2 0 1 1 1 0 2 2 0 1 1 1 1 1 1 1 1 1 1 1 1 1 1 1 1 1
=======
0 0 0 0 0 0 0 0 0 0 0 0 0 0 0 0 0 0 0 0 0 0 0 0 0 0 0 0 0 0 1 1 1 1 1 1 1 1 1 1 1 1 1 1 1 1 1 1 1 1 1 1 1 1 1 1 1 1 1 1 1 21 0 0 0 0 0 0 0 0 0 0 0 0 0 0 0 0 0 0 0 0 0 2 2 2 2 2 2 2 0 0 0 0 2 2 2 0 0 0 0 0 0 0 0 0 0 2 0 0 0 0 0 0 0 0 0 0 0 0 0 2 2 2 2 0 0 0 0 0 0 0 0 0 0 0 0 2 0 0 0 0 0 0 0 0 0 0 0 0
<<<<<<< HEAD
0 1 1 1 1 1 1 1 1 1 1 1 1 1 1 1 1 1 1 1 1 1 1 1 1 1 1 1 1 0 1 1 1 1 1 1 1 1 1 1 1 1 1 1 1 1 1 1 1 1 1 1 1 1 1 1 1 1 1 1 1 1 21 0 0 0 0 0 0 0 0 0 0 0 0 0 0 22 23 1 1 1 0 2 2 2 2 2 0 0 22 23 1 0 2 2 2 0 1 1 1 1 1 1 1 1 0 2 0 1 1 1 1 1 1 1 1 1 1 1 0 2 2 2 2 0 1 1 1 1 1 1 1 1 1 1 0 2 0 1 1 1 1 1 1 1 1 1 1 0
0 1 1 1 1 1 1 1 1 1 1 1 1 1 1 1 1 1 1 1 1 1 1 1 1 1 1 1 1 0 1 1 1 0 0 0 0 0 0 0 0 0 0 0 0 0 0 0 0 0 0 0 0 0 1 1 1 1 1 1 1 1 1 1 1 1 1 1 1 1 1 1 1 1 1 1 1 1 1 1 1 1 0 2 2 2 0 0 22 23 1 1 1 0 2 2 2 0 1 1 1 1 1 1 1 1 0 2 0 1 1 1 1 1 1 1 1 1 1 1 0 2 2 2 2 0 1 1 1 1 1 1 1 1 1 1 0 2 0 1 1 1 1 1 1 1 1 1 1 0
16 16 16 1 1 1 1 1 1 1 1 1 1 1 1 1 1 1 1 1 1 1 1 1 1 1 1 1 1 0 1 1 1 1 1 1 1 1 1 1 1 1 1 1 1 1 1 1 1 1 1 1 1 0 1 1 1 1 1 1 1 1 1 1 1 1 1 1 1 1 1 1 1 1 1 1 1 1 1 1 1 1 0 0 0 0 22 23 1 1 1 1 1 0 2 2 2 0 1 1 1 1 1 1 1 1 0 2 0 1 1 1 0 0 0 0 0 1 1 1 0 0 0 0 0 0 1 1 1 0 0 0 0 1 1 1 0 2 0 1 1 1 1 1 1 1 1 1 1 0
16 16 16 16 16 1 1 1 1 1 1 1 1 1 1 1 1 1 1 1 1 1 1 16 16 1 1 1 1 0 1 1 1 1 1 1 1 1 1 1 1 1 1 1 1 1 1 1 1 1 1 1 1 0 1 1 1 1 1 1 1 1 1 1 1 1 1 1 1 1 1 1 1 1 1 1 1 1 1 1 1 1 1 1 1 1 1 1 1 1 1 1 1 0 2 2 2 0 1 1 7 7 7 7 1 1 0 2 0 1 1 1 0 2 2 2 0 1 1 1 1 1 1 1 1 1 1 1 1 0 2 2 0 1 1 1 0 2 0 1 1 1 1 1 1 1 1 1 1 0
16 16 16 16 16 16 1 1 1 1 1 1 1 1 16 16 16 1 1 1 16 16 16 16 16 16 1 1 1 0 1 1 1 1 1 1 1 1 1 1 1 1 1 1 1 1 1 1 1 1 1 1 1 0 0 0 0 0 0 0 0 0 0 0 0 0 0 0 0 0 0 0 0 0 0 0 0 1 1 1 1 1 1 1 1 1 1 1 1 1 1 1 1 0 2 2 2 0 1 1 1 1 1 1 1 1 0 2 0 1 1 1 0 2 2 2 0 1 1 1 1 1 1 1 1 1 1 1 1 0 2 2 0 1 1 1 0 2 0 1 1 1 1 7 7 7 7 7 1 0
16 16 16 16 16 16 16 1 1 1 1 1 16 16 16 16 16 16 16 16 16 16 16 16 16 16 1 1 1 0 0 0 0 0 0 0 0 0 0 0 0 0 0 0 0 0 0 0 0 0 1 1 1 0 1 1 1 1 1 1 1 1 1 1 1 1 1 1 1 1 1 1 1 1 1 1 1 1 1 1 1 1 0 0 0 0 1 7 7 7 7 1 1 0 0 0 0 0 1 1 1 1 1 1 1 1 0 0 0 1 1 1 0 2 2 2 0 1 1 1 0 0 0 0 0 0 1 1 1 0 2 2 0 1 1 1 0 0 0 1 1 1 1 1 1 1 1 1 1 0
16 16 16 16 16 16 16 16 16 16 16 16 16 16 16 16 16 16 16 16 16 16 16 16 16 16 1 1 1 1 1 1 1 1 1 1 1 1 1 1 1 1 1 1 1 1 1 1 1 1 1 1 1 0 1 1 1 1 1 1 1 1 1 1 1 1 1 1 1 1 1 1 1 1 1 1 1 1 1 1 1 1 0 2 2 0 7 7 7 7 7 1 1 1 1 1 1 1 1 1 1 1 1 1 1 1 1 1 1 1 1 1 0 2 2 2 0 1 1 1 0 2 2 2 2 0 1 1 1 0 2 2 0 1 1 1 1 1 1 1 1 1 1 1 1 1 1 1 1 0
16 16 16 16 16 16 16 16 16 16 16 16 16 16 16 16 16 16 16 16 16 16 16 16 16 16 1 1 1 1 1 1 1 1 1 1 1 1 1 1 1 1 1 1 1 1 1 1 1 1 1 1 1 0 1 1 1 1 1 1 1 1 1 1 1 1 1 1 1 1 1 1 1 1 1 1 1 1 1 1 1 1 0 2 2 0 7 7 7 7 7 1 1 1 1 1 1 1 1 1 1 1 1 1 1 1 1 1 1 1 1 1 0 2 2 2 0 1 1 1 0 2 2 2 2 0 1 1 1 0 2 2 0 1 1 1 1 1 1 1 1 1 1 1 1 1 1 1 1 0
>>>>>>> 3a5aea3234ff3e86729e999016fbd2107b3d1b83
=======
0 1 1 1 1 1 1 1 1 1 1 1 1 1 1 1 1 1 1 1 1 1 1 1 1 1 1 1 1 0 1 1 1 1 1 1 1 1 1 1 1 1 1 1 1 1 1 1 1 1 1 1 1 1 1 1 1 1 1 1 1 1 21 0 0 0 0 0 0 0 0 0 0 0 0 0 0 22 23 1 1 1 0 2 2 2 2 2 0 0 22 23 1 0 2 2 2 0 1 1 1 1 1 1 1 1 0 2 0 1 1 1 1 1 1 1 1 1 1 1 0 2 2 2 2 0 1 1 1 1 1 1 1 1 1 1 0 2 0 1 1 1 1 1 1 1 1 1 1 1
0 1 1 1 1 1 1 1 1 1 1 1 1 1 1 1 1 1 1 1 1 1 1 1 1 1 1 1 1 0 1 1 1 0 0 0 0 0 0 0 0 0 0 0 0 0 0 0 0 0 0 0 0 0 1 1 1 1 1 1 1 1 1 1 1 1 1 1 1 1 1 1 1 1 1 1 1 1 1 1 1 1 0 2 2 2 0 0 22 23 1 1 1 0 2 2 2 0 1 1 1 1 1 1 1 1 0 2 0 1 1 1 1 1 1 1 1 1 1 1 0 2 2 2 2 0 1 1 1 1 1 1 1 1 1 1 0 2 0 1 1 1 1 1 1 1 1 1 1 1
16 16 16 1 1 1 1 1 1 1 1 1 1 1 1 1 1 1 1 1 1 1 1 1 1 1 1 1 1 0 1 1 1 1 1 1 1 1 1 1 1 1 1 1 1 1 1 1 1 1 1 1 1 0 1 1 1 1 1 1 1 1 1 1 1 1 1 1 1 1 1 1 1 1 1 1 1 1 1 1 1 1 0 0 0 0 22 23 1 1 1 1 1 0 2 2 2 0 1 1 1 1 1 1 1 1 0 2 0 1 1 1 0 0 0 0 0 1 1 1 0 0 0 0 0 0 1 1 1 0 0 0 0 1 1 1 0 2 0 1 1 1 1 1 1 1 1 1 1 1
16 16 16 16 16 1 1 1 1 1 1 1 1 1 1 1 1 1 1 1 1 1 1 16 16 1 1 1 1 0 1 1 1 1 1 1 1 1 1 1 1 1 1 1 1 1 1 1 1 1 1 1 1 0 1 1 1 1 1 1 1 1 1 1 1 1 1 1 1 1 1 1 1 1 1 1 1 1 1 1 1 1 1 1 1 1 1 1 1 1 1 1 1 0 2 2 2 0 1 1 7 7 7 7 1 1 0 2 0 1 1 1 0 2 2 2 0 1 1 1 1 1 1 1 1 1 1 1 1 0 2 2 0 1 1 1 0 2 0 1 1 1 1 1 1 1 1 1 1 1
16 16 16 16 16 16 1 1 1 1 1 1 1 1 16 16 16 1 1 1 16 16 16 16 16 16 1 1 1 0 1 1 1 1 1 1 1 1 1 1 1 1 1 1 1 1 1 1 1 1 1 1 1 0 0 0 0 0 0 0 0 0 0 0 0 0 0 0 0 0 0 0 0 0 0 0 0 1 1 1 1 1 1 1 1 1 1 1 1 1 1 1 1 0 2 2 2 0 1 1 1 1 1 1 1 1 0 2 0 1 1 1 0 2 2 2 0 1 1 1 1 1 1 1 1 1 1 1 1 0 2 2 0 1 1 1 0 2 0 1 1 1 1 7 7 7 7 7 1 1
16 16 16 16 16 16 16 1 1 1 1 1 16 16 16 16 16 16 16 16 16 16 16 16 16 16 1 1 1 0 0 0 0 0 0 0 0 0 0 0 0 0 0 0 0 0 0 0 0 0 1 1 1 0 1 1 1 1 1 1 1 1 1 1 1 1 1 1 1 1 1 1 1 1 1 1 1 1 1 1 1 1 0 0 0 0 1 7 7 7 7 1 1 0 0 0 0 0 1 1 1 1 1 1 1 1 0 0 0 1 1 1 0 2 2 2 0 1 1 1 0 0 0 0 0 0 1 1 1 0 2 2 0 1 1 1 0 0 0 1 1 1 1 1 1 1 1 1 1 1
16 16 16 16 16 16 16 16 16 16 16 16 16 16 16 16 16 16 16 16 16 16 16 16 16 16 1 1 1 1 1 1 1 1 1 1 1 1 1 1 1 1 1 1 1 1 1 1 1 1 1 1 1 0 1 1 1 1 1 1 1 1 1 1 1 1 1 1 1 1 1 1 1 1 1 1 1 1 1 1 1 1 0 2 2 0 7 7 7 7 7 1 1 1 1 1 1 1 1 1 1 1 1 1 1 1 1 1 1 1 1 1 0 2 2 2 0 1 1 1 0 2 2 2 2 0 1 1 1 0 2 2 0 1 1 1 1 1 1 1 1 1 1 1 1 1 1 1 1 1
16 16 16 16 16 16 16 16 16 16 16 16 16 16 16 16 16 16 16 16 16 16 16 16 16 16 1 1 1 1 1 1 1 1 1 1 1 1 1 1 1 1 1 1 1 1 1 1 1 1 1 1 1 0 1 1 1 1 1 1 1 1 1 1 1 1 1 1 1 1 1 1 1 1 1 1 1 1 1 1 1 1 0 2 2 0 7 7 7 7 7 1 1 1 1 1 1 1 1 1 1 1 1 1 1 1 1 1 1 1 1 1 0 2 2 2 0 1 1 1 0 2 2 2 2 0 1 1 1 0 2 2 0 1 1 1 1 1 1 1 1 1 1 1 1 1 1 1 1 1
>>>>>>> 38d52b2087e92edb981c6d8d0a07c7f06ad83f9e
0 0 0 0 0 0 0 0 0 0 0 0 0 0 0 0 0 0 0 0 0 0 0 0 0 0 0 0 0 0 0 0 0 0 0 0 0 0 0 0 0 0 0 0 0 0 0 0 0 0 0 0 0 0 0 0 0 0 0 0 0 0 0 0 0 0 0 0 0 0 0 0 0 0 0 0 0 0 0 0 0 0 0 2 2 0 0 0 0 0 0 0 0 0 0 0 0 0 0 0 0 0 0 0 0 0 0 0 0 0 0 0 0 2 2 2 0 0 0 0 0 2 2 2 2 0 0 0 0 0 2 2 0 0 0 0 0 0 0 0 0 0 0 0 0 0 0 0 0 0
0 0 0 0 0 0 0 0 0 0 0 0 0 0 0 0 0 0 0 0 0 0 0 0 0 0 0 0 0 0 0 0 0 0 0 0 0 0 0 0 0 0 0 0 0 0 0 0 0 0 0 0 0 0 0 0 0 0 0 0 0 0 0 0 0 0 0 0 0 0 0 0 0 0 0 0 0 0 0 0 0 0 0 2 2 2 2 2 2 2 2 2 2 2 2 2 0 0 0 0 0 0 0 0 0 0 0 0 0 2 2 2 2 2 2 2 0 0 2 2 2 2 2 2 2 2 2 2 0 0 2 2 2 2 2 2 2 0 0 0 0 0 0 0 0 0 0 0 0 0