150 12
0 0 0 0 0 0 0 0 0 0 0 0 0 0 0 0 0 0 0 0 0 0 0 0 0 0 0 0 0 0 0 0 0 0 0 0 0 0 0 0 0 0 0 0 0 0 0 0 0 0 0 0 0 0 0 0 0 0 0 0 0 0 0 0 0 0 0 0 0 0 0 0 0 0 0 0 0 0 0 0 0 0 0 0 0 0 0 0 0 0 0 0 0 0 0 0 0 0 0 0 0 0 0 0 0 0 0 0 0 0 0 0 0 0 0 0 0 1 1 1 0 1 1 1 0 1 1 1 0 1 1 1 0 0 0 0 0 0 0 0 0 0 0 0 0 0 0 0 0 0
0 0 0 0 0 0 0 0 0 0 0 0 0 0 0 0 0 0 0 0 0 0 0 0 0 0 0 0 0 0 0 0 0 0 0 0 0 0 0 0 0 0 0 0 0 0 0 0 0 0 0 0 0 0 0 0 0 0 0 0 0 0 0 0 0 0 0 0 0 0 0 0 0 0 0 0 0 0 0 0 0 0 0 0 0 0 0 0 0 0 0 0 0 0 0 0 0 0 0 0 0 0 0 0 0 0 0 0 0 0 0 0 0 0 0 0 0 2 2 2 0 2 2 2 0 2 2 2 0 2 2 2 0 0 0 0 0 0 0 0 0 0 0 0 0 0 0 0 0 0
<<<<<<< HEAD
1 1 1 1 1 1 1 1 1 1 27 28 28 28 16 16 16 28 28 28 16 16 16 28 28 28 7 7 7 7 7 7 7 7 1 1 1 7 1 1 1 7 1 1 1 1 1 1 1 1 1 1 1 33 7 0 0 7 36 1 1 27 28 28 29 1 1 33 7 0 0 7 30 28 28 28 28 28 28 28 29 1 1 1 1 1 1 1 1 1 1 1 1 1 1 1 1 1 1 1 1 1 1 1 1 1 1 1 1 1 1 1 1 0 0 0 0 0 2 0 0 0 2 0 0 0 2 0 0 0 2 0 0 0 0 0 0 1 1 1 1 1 1 1 1 1 1 1 1 1
1 1 1 1 1 1 1 1 1 1 1 1 1 1 16 16 16 1 1 1 16 16 16 1 1 1 1 1 1 1 7 7 7 7 7 7 7 7 7 7 7 7 1 1 1 1 1 1 1 1 1 1 1 35 7 0 0 7 32 1 1 1 1 1 1 1 1 35 7 0 0 7 32 1 1 1 1 1 16 31 1 1 1 1 1 1 1 1 1 1 1 1 1 1 1 1 1 1 1 1 40 40 40 1 1 1 1 1 1 1 1 1 1 1 1 1 0 0 0 0 0 0 0 0 0 0 0 0 0 0 0 0 0 0 0 1 1 1 1 1 1 1 1 1 1 1 1 1 1 1
1 1 1 1 1 1 1 1 1 1 1 1 1 1 1 1 1 1 1 1 1 1 1 1 1 1 1 1 1 1 1 1 1 1 1 1 1 1 1 1 1 1 1 1 1 1 33 7 7 7 7 1 1 35 7 0 0 7 32 1 1 7 7 7 7 1 1 35 7 0 0 7 32 1 1 1 1 16 16 29 1 1 1 1 1 1 1 1 1 38 38 38 1 1 1 1 1 1 1 30 39 41 43 1 1 1 1 16 26 1 1 1 1 1 1 1 1 1 1 1 1 1 1 1 1 1 1 1 1 1 1 1 1 1 1 1 1 1 1 1 1 1 1 1 1 1 1 1 1 1
1 7 7 7 7 7 7 7 1 1 1 1 1 1 1 1 1 1 1 1 1 1 1 1 1 1 1 1 1 1 1 1 1 1 1 1 1 1 1 1 1 1 1 1 1 1 35 7 0 0 7 1 1 35 7 0 0 7 32 1 1 7 0 0 7 1 1 35 7 0 0 7 32 1 1 1 1 17 19 1 1 1 16 16 24 26 1 1 1 39 16 43 1 1 1 1 1 1 1 32 1 1 1 1 1 1 1 16 16 26 1 1 1 1 1 1 1 1 1 1 1 1 1 1 1 1 1 1 1 1 1 1 1 1 1 1 1 1 1 1 1 1 1 1 1 1 1 1 1 1
7 7 7 7 7 7 7 7 7 1 1 38 38 38 1 1 1 38 38 38 1 1 1 16 16 16 7 7 7 7 1 1 1 1 1 1 1 1 1 1 1 1 1 1 1 1 35 7 0 0 7 1 1 35 7 0 0 7 32 1 1 7 0 0 7 1 1 35 7 0 0 7 32 1 1 1 1 1 1 1 1 1 16 16 16 35 1 1 1 1 32 1 1 1 1 1 1 1 1 32 1 1 1 1 1 1 16 16 16 16 1 1 1 1 1 1 1 1 1 1 1 1 1 1 1 1 1 1 1 1 1 1 1 1 1 1 1 1 1 1 1 1 1 1 1 1 1 1 1 1
7 7 7 7 7 7 7 7 7 7 1 39 41 43 1 1 1 39 41 43 1 1 1 16 16 16 1 1 1 7 7 7 7 7 7 7 7 7 7 7 7 7 36 1 1 1 35 7 0 0 7 1 1 37 7 7 7 7 34 1 1 7 0 0 7 1 1 37 7 7 7 7 34 1 1 1 1 1 1 1 1 1 17 18 18 18 19 1 1 1 32 1 1 1 40 40 40 40 25 34 1 1 1 1 17 18 18 18 18 18 19 1 1 1 1 1 1 1 1 1 1 1 1 1 1 1 1 1 1 1 1 1 1 1 1 1 1 1 1 1 1 1 1 1 1 1 1 1 1 1
7 7 7 7 7 7 7 7 7 7 25 25 25 25 25 25 25 25 25 25 25 25 25 16 16 16 1 1 1 7 1 1 1 7 1 1 1 7 1 1 1 7 27 28 28 28 29 7 0 0 7 1 1 1 1 1 1 1 1 1 1 7 0 0 7 1 1 1 27 28 28 29 1 1 1 1 1 1 1 1 1 1 1 1 1 1 1 1 1 1 32 1 1 1 39 41 41 43 1 1 1 1 1 1 1 1 1 1 1 1 1 1 1 1 1 1 0 0 0 0 0 0 0 0 0 0 0 0 0 0 0 0 0 0 1 1 1 1 1 1 1 1 1 1 1 1 1 1 1 1
7 7 7 7 7 7 7 7 7 7 7 7 7 7 7 7 7 7 7 7 7 7 7 16 16 16 1 1 1 7 1 1 1 7 1 1 1 7 1 1 1 7 1 1 1 1 1 7 0 0 7 1 1 1 1 1 1 1 1 1 1 7 0 0 7 1 1 1 1 1 1 1 1 1 1 1 24 25 26 1 1 1 1 1 1 1 1 1 1 1 32 1 1 1 1 1 1 1 1 1 1 1 1 1 1 1 1 1 1 1 1 1 1 0 0 0 0 0 2 0 0 0 2 0 0 0 2 0 0 0 2 0 0 1 1 1 1 1 1 1 1 1 1 1 7 7 7 1 1 1
=======
0 1 1 1 1 1 1 1 1 1 27 28 28 28 16 16 16 28 28 28 16 16 16 28 28 28 7 7 7 7 7 7 7 7 1 1 1 7 1 1 1 7 1 1 1 1 1 1 1 1 1 1 1 33 7 0 0 7 36 1 1 27 28 28 29 1 1 33 7 0 0 7 30 28 28 28 28 28 28 28 29 1 1 1 1 1 1 1 1 1 1 1 1 1 1 1 1 1 1 1 1 1 1 1 1 1 1 1 1 1 1 1 1 0 0 0 0 0 2 0 0 0 2 0 0 0 2 0 0 0 2 0 0 0 0 22 23 1 1 1 1 1 1 1 1 1 1 1 1 0
0 1 1 1 1 1 1 1 1 1 1 1 1 1 16 16 16 1 1 1 16 16 16 1 1 1 1 1 1 1 7 7 7 7 7 7 7 7 7 7 7 7 1 1 1 1 1 1 1 1 1 1 1 35 7 0 0 7 32 1 1 1 1 1 1 1 1 35 7 0 0 7 32 1 1 1 1 1 16 31 1 1 1 1 1 1 1 1 1 1 1 1 1 1 1 1 1 1 1 1 40 40 40 1 1 1 1 1 1 1 1 1 1 1 1 1 0 0 0 0 0 0 0 0 0 0 0 0 0 0 0 0 0 22 23 1 1 1 1 1 1 1 1 1 1 1 1 1 1 0
0 1 1 1 1 1 1 1 1 1 1 1 1 1 1 1 1 1 1 1 1 1 1 1 1 1 1 1 1 1 1 1 1 1 1 1 1 1 1 1 1 1 1 1 1 1 33 7 7 7 7 1 1 35 7 0 0 7 32 1 1 7 7 7 7 1 1 35 7 0 0 7 32 1 1 1 1 16 16 29 1 1 1 1 1 1 1 1 1 38 38 38 1 1 1 1 1 1 1 30 39 41 43 1 1 1 1 16 26 1 1 1 1 1 1 1 1 1 1 1 1 1 1 1 1 1 1 1 1 1 1 1 1 1 1 1 1 1 1 1 1 1 1 1 1 1 1 1 1 0
7 7 7 7 7 7 7 7 1 1 1 1 1 1 1 1 1 1 1 1 1 1 1 1 1 1 1 1 1 1 1 1 1 1 1 1 1 1 1 1 1 1 1 1 1 1 35 7 0 0 7 1 1 35 7 0 0 7 32 1 1 7 0 0 7 1 1 35 7 0 0 7 32 1 1 1 1 17 19 1 1 1 16 16 24 26 1 1 1 39 16 43 1 1 1 1 1 1 1 32 1 1 1 1 1 1 1 16 16 26 1 1 1 1 1 1 1 1 1 1 1 1 1 1 1 1 1 1 1 1 1 1 1 1 1 1 1 1 1 1 1 1 1 1 1 1 1 1 1 0
7 7 7 7 7 7 7 7 7 1 1 38 38 38 1 1 1 38 38 38 1 1 1 16 16 16 7 7 7 7 1 1 1 1 1 1 1 1 1 1 1 1 1 1 1 1 35 7 0 0 7 1 1 35 7 0 0 7 32 1 1 7 0 0 7 1 1 35 7 0 0 7 32 1 1 1 1 1 1 1 1 1 16 16 16 35 1 1 1 1 32 1 1 1 1 1 1 1 1 32 1 1 1 1 1 1 16 16 16 16 1 1 1 1 1 1 1 1 1 1 1 1 1 1 1 1 1 1 1 1 1 1 1 1 1 1 1 1 1 1 1 1 1 1 1 1 1 1 1 0
7 7 7 7 7 7 7 7 7 7 1 39 41 43 1 1 1 39 41 43 1 1 1 16 16 16 1 1 1 7 7 7 7 7 7 7 7 7 7 7 7 7 36 1 1 1 35 7 0 0 7 1 1 37 7 7 7 7 34 1 1 7 0 0 7 1 1 37 7 7 7 7 34 1 1 1 1 1 1 1 1 1 17 18 18 18 19 1 1 1 32 1 1 1 40 40 40 40 25 34 1 1 1 1 17 18 18 18 18 18 19 1 1 1 1 1 1 1 1 1 1 1 1 1 1 1 1 1 1 1 1 1 1 1 1 1 1 1 1 1 1 1 1 1 1 1 1 1 1 0
7 7 7 7 7 7 7 7 7 7 25 25 25 25 25 25 25 25 25 25 25 25 25 16 16 16 1 1 1 7 1 1 1 7 1 1 1 7 1 1 1 7 27 28 28 28 29 7 0 0 7 1 1 1 1 1 1 1 1 1 1 7 0 0 7 1 1 1 27 28 28 29 1 1 1 1 1 1 1 1 1 1 1 1 1 1 1 1 1 1 32 1 1 1 39 41 41 43 1 1 1 1 1 1 1 1 1 1 1 1 1 1 1 1 1 1 0 0 0 0 0 0 0 0 0 0 0 0 0 0 0 0 0 0 1 1 1 1 1 1 1 1 1 1 1 1 1 1 1 0
7 7 7 7 7 7 7 7 7 7 7 7 7 7 7 7 7 7 7 7 7 7 7 16 16 16 1 1 1 7 1 1 1 7 1 1 1 7 1 1 1 7 1 1 1 1 1 7 0 0 7 1 1 1 1 1 1 1 1 1 1 7 0 0 7 1 1 1 1 1 1 1 1 1 1 1 24 25 26 1 1 1 1 1 1 1 1 1 1 1 32 1 1 1 1 1 1 1 1 1 1 1 1 1 1 1 1 1 1 1 1 1 1 0 0 0 0 0 2 0 0 0 2 0 0 0 2 0 0 0 2 0 0 1 1 1 1 1 1 1 1 1 1 1 7 7 7 1 1 0
>>>>>>> 3a5aea3234ff3e86729e999016fbd2107b3d1b83
0 0 0 0 0 0 0 0 0 0 0 0 0 0 0 0 0 0 0 0 0 0 0 0 0 0 0 0 0 0 0 0 0 0 0 0 0 0 0 0 0 0 0 0 0 0 0 0 0 0 0 0 0 0 0 0 0 0 0 0 0 0 0 0 0 0 0 0 0 0 0 0 0 0 0 0 0 0 0 0 0 0 0 0 0 0 0 0 0 0 0 0 0 0 0 0 0 0 0 0 0 0 0 0 0 0 0 0 0 0 0 0 0 0 0 0 0 2 2 2 0 2 2 2 0 2 2 2 0 2 2 2 0 0 0 0 0 0 0 0 0 0 0 0 0 0 0 0 0 0
0 0 0 0 0 0 0 0 0 0 0 0 0 0 0 0 0 0 0 0 0 0 0 0 0 0 0 0 0 0 0 0 0 0 0 0 0 0 0 0 0 0 0 0 0 0 0 0 0 0 0 0 0 0 0 0 0 0 0 0 0 0 0 0 0 0 0 0 0 0 0 0 0 0 0 0 0 0 0 0 0 0 0 0 0 0 0 0 0 0 0 0 0 0 0 0 0 0 0 0 0 0 0 0 0 0 0 0 0 0 0 0 0 0 0 0 0 2 2 2 0 2 2 2 0 2 2 2 0 2 2 2 0 0 0 0 0 0 0 0 0 0 0 0 0 0 0 0 0 0