150 12
0 0 0 0 0 0 0 0 0 0 0 0 0 0 0 0 0 0 0 0 0 0 0 0 0 0 0 0 0 0 0 0 0 0 0 0 0 0 0 0 0 0 0 0 0 0 0 0 0 0 0 0 0 0 0 0 0 0 0 0 0 0 0 0 2 2 2 0 2 2 2 0 0 0 0 0 0 0 0 0 0 0 0 0 0 0 0 0 0 0 0 0 0 0 0 0 0 0 0 0 0 0 0 0 0 0 0 0 0 0 0 0 0 0 0 0 0 0 0 0 0 0 0 0 0 0 0 0 0 0 0 0 0 0 0 0 0 0 0 0 0 0 0 0 0 0 0 0 0 0
0 0 0 0 0 0 0 0 0 0 0 0 0 0 0 0 0 0 0 0 0 0 0 0 0 0 0 0 0 0 0 0 0 0 0 0 0 0 0 0 0 0 0 0 0 0 0 0 0 0 0 0 0 0 0 0 0 0 0 0 0 0 0 0 2 0 2 0 2 0 2 0 0 0 0 0 0 0 0 0 0 0 0 0 0 0 0 0 0 0 0 0 0 0 0 0 0 0 0 0 0 0 0 0 0 0 0 0 0 0 0 0 0 0 0 0 0 0 0 0 0 0 0 0 0 0 0 0 0 0 0 0 0 0 0 0 0 0 0 0 0 0 0 0 0 0 0 0 0 0
33 27 28 28 28 28 28 28 28 28 28 28 28 28 28 28 28 28 28 28 28 28 29 1 1 1 1 1 7 7 7 7 7 28 28 28 7 7 7 7 28 28 28 7 7 7 7 7 7 7 28 28 28 7 7 7 7 7 7 7 7 7 7 0 2 0 2 2 2 0 2 0 1 1 1 1 1 1 1 1 1 1 1 1 1 1 1 1 1 1 1 1 1 1 1 0 2 0 2 0 2 0 2 0 2 0 0 1 1 1 1 27 28 28 28 28 28 28 28 28 28 28 28 28 28 28 28 28 28 28 28 28 28 28 28 28 28 28 28 28 0 0 0 20 21 0 0 0 1 1
35 7 7 7 7 7 1 1 1 7 7 7 1 1 1 1 1 1 1 7 7 7 1 1 1 1 1 1 7 7 7 7 7 1 1 1 1 7 7 7 1 1 7 7 7 7 7 1 1 1 1 1 1 1 7 7 7 7 7 7 7 7 7 0 0 0 0 0 0 0 0 0 1 1 1 1 1 1 1 1 1 1 1 1 1 1 1 1 1 1 1 1 1 1 1 0 0 2 0 2 0 2 0 2 0 2 0 1 1 1 1 1 1 40 40 40 40 1 1 1 1 1 1 40 40 40 40 1 1 1 1 1 1 42 42 42 42 1 1 1 0 0 20 1 1 21 0 0 1 1
35 1 1 1 1 1 1 1 1 1 1 1 1 1 1 1 1 1 1 1 1 1 1 1 1 1 1 1 1 1 1 1 1 1 1 1 1 7 7 7 1 1 7 7 7 1 1 1 1 1 1 1 1 1 1 1 7 7 7 7 7 1 1 1 1 1 1 1 1 1 1 1 1 1 1 1 1 1 1 1 1 1 1 1 1 1 1 1 1 1 1 1 1 1 1 0 2 0 2 0 2 0 2 0 2 0 0 1 1 1 1 1 1 39 41 41 43 1 1 1 1 1 1 39 41 41 43 1 1 1 1 1 39 39 41 41 43 1 1 1 0 20 1 10 10 1 21 0 1 1
35 1 1 1 1 1 1 1 1 1 1 1 1 1 1 1 1 1 1 1 1 1 1 1 1 1 1 1 1 1 1 1 1 1 1 1 1 1 1 1 1 1 1 1 1 1 1 1 1 1 1 1 1 1 1 1 1 1 7 7 1 1 1 1 1 1 1 1 1 1 1 1 1 1 1 1 1 1 1 1 1 1 1 1 1 1 1 1 1 1 1 1 1 1 1 0 0 2 0 2 0 2 0 2 0 2 0 1 1 1 1 1 1 1 1 1 1 1 1 1 1 1 1 1 1 1 1 1 1 1 1 1 1 1 1 1 1 1 1 1 0 0 0 0 0 0 0 0 1 1
35 1 1 1 1 1 1 1 1 1 1 1 1 1 1 1 1 1 1 1 1 1 1 1 1 1 1 1 1 1 1 1 1 1 1 1 1 1 1 1 1 1 1 1 1 1 1 16 16 16 16 16 1 1 1 1 1 1 1 1 1 1 1 1 1 1 1 1 1 1 1 1 1 1 1 0 0 0 0 0 0 0 0 0 0 0 0 0 0 0 0 0 1 1 1 0 0 0 0 0 0 0 0 0 0 0 0 1 1 1 1 1 1 1 1 1 1 1 1 1 1 1 1 1 1 1 1 1 1 1 1 1 1 1 1 1 1 1 1 1 1 1 1 1 1 1 1 1 1 1
35 17 18 18 18 19 1 1 1 1 1 1 1 1 1 1 1 1 1 1 1 1 1 42 40 40 40 40 1 1 1 1 1 16 16 16 16 1 1 1 1 1 1 1 1 1 16 16 16 16 16 16 1 1 16 16 1 1 1 1 1 1 1 1 1 1 1 1 1 1 1 1 1 1 1 0 2 0 0 0 0 0 2 0 0 0 0 0 2 0 0 0 1 1 1 1 1 1 1 1 1 1 1 1 1 1 1 1 1 1 1 1 1 1 1 1 1 40 40 40 40 40 1 1 1 1 1 1 42 42 42 42 1 1 1 1 1 1 1 1 1 1 1 1 1 1 1 1 1 1
35 1 1 1 1 1 1 1 1 1 1 1 1 1 7 7 7 1 1 1 1 1 1 39 41 41 41 43 1 1 1 1 1 16 16 16 16 1 1 1 16 16 1 1 1 16 16 16 16 16 16 16 1 1 16 16 16 16 1 1 1 1 1 0 0 0 0 0 0 0 0 0 1 1 1 0 0 2 0 0 0 2 0 2 0 0 0 2 0 2 0 0 1 1 1 1 1 1 1 1 1 1 1 1 1 1 1 1 1 1 1 1 1 1 1 1 1 39 41 41 41 43 1 1 1 1 1 1 39 41 41 43 1 1 1 1 1 1 18 18 7 7 7 7 7 7 7 7 1 1
37 24 25 25 25 25 25 25 25 25 25 25 25 25 25 25 25 25 25 25 25 25 26 1 1 1 1 1 1 16 16 25 25 16 16 16 16 25 25 25 16 16 16 25 25 16 16 16 16 16 16 16 25 25 16 16 16 16 16 25 25 25 25 0 2 0 2 2 2 0 2 0 1 1 1 0 0 0 2 0 2 0 0 0 2 0 2 0 0 0 2 0 1 1 1 1 1 1 1 1 1 1 1 1 1 1 1 1 1 1 1 24 25 25 25 25 25 25 25 25 25 25 25 25 25 25 25 25 25 25 25 25 25 25 25 25 25 25 25 25 7 16 16 16 16 16 16 7 1 1
0 0 0 0 0 0 0 0 0 0 0 0 0 0 0 0 0 0 0 0 0 0 0 0 0 0 0 0 0 0 0 0 0 0 0 0 0 0 0 0 0 0 0 0 0 0 0 0 0 0 0 0 0 0 0 0 0 0 0 0 0 0 0 0 2 0 2 0 2 0 2 0 0 0 0 0 0 0 0 2 0 0 0 0 0 2 0 0 0 0 0 0 0 0 0 0 0 0 0 0 0 0 0 0 0 0 0 0 0 0 0 0 0 0 0 0 0 0 0 0 0 0 0 0 0 0 0 0 0 0 0 0 0 0 0 0 0 0 0 0 0 0 0 0 0 0 0 0 0 0
0 0 0 0 0 0 0 0 0 0 0 0 0 0 0 0 0 0 0 0 0 0 0 0 0 0 0 0 0 0 0 0 0 0 0 0 0 0 0 0 0 0 0 0 0 0 0 0 0 0 0 0 0 0 0 0 0 0 0 0 0 0 0 0 2 2 2 0 2 2 2 0 0 0 0 0 0 0 0 0 0 0 0 0 0 0 0 0 0 0 0 0 0 0 0 0 0 0 0 0 0 0 0 0 0 0 0 0 0 0 0 0 0 0 0 0 0 0 0 0 0 0 0 0 0 0 0 0 0 0 0 0 0 0 0 0 0 0 0 0 0 0 0 0 0 0 0 0 0 0